%YAML:1.0
---
K: !!opencv-matrix
   rows: 3
   cols: 3
   dt: d
   data: [ 2.0686532971943752e+03, 0., 7.3452446427898610e+02, 0.,
       2.0461217095352310e+03, 6.2992034975651677e+02, 0., 0., 1. ]
D: !!opencv-matrix
   rows: 1
   cols: 5
   dt: d
   data: [ -1.6508004392824822e+00, 1.7222329397762078e+01,
       -3.7503972830569422e-02, 3.4673878135081083e-02,
       -7.8881899792465831e+01 ]
