%YAML:1.0
---
K: !!opencv-matrix
   rows: 3
   cols: 3
   dt: d
   data: [ 2.0904333136909272e+03, 0., 4.1753258788454133e+02, 0.,
       1.8972117125499904e+03, 2.9524693241963735e+02, 0., 0., 1. ]
D: !!opencv-matrix
   rows: 1
   cols: 5
   dt: d
   data: [ 9.5932700655651559e-01, -9.8025264628718318e+01,
       -4.8388980484300181e-02, 2.1357665672703089e-02,
       1.6589057302783835e+03 ]
